98	0.0	0.0	0.0	0.0	0.0	0.9358650031234387	0.0	0.0	0.0	0.0	0.0	0.0	0.0	0.0	0.0	0.0	0.0	0.0	0.0	0.0	0.35235876025546164	0.0	0.0	0.0	0.0	business
27	0.0	0.0	0.0	0.0	0.0	0.0	0.0	0.0	0.0	0.0	0.0	0.0	0.0	0.0	0.0	0.0	0.0	0.9156288122439306	0.0	0.0	0.4020247233551301	0.0	0.0	0.0	0.0	business
131	0.0	0.0	0.0	0.0	0.0	0.0	0.0	0.0	0.0	0.0	0.0	0.0	0.0	0.0	0.0	0.0	0.0	0.9156288122439306	0.0	0.0	0.4020247233551301	0.0	0.0	0.0	0.0	business
31	0.0	0.0	0.0	0.0	0.0	0.0	0.0	0.0	0.0	0.0	0.0	0.0	0.0	0.6695963650777833	0.0	0.0	0.0	0.0	0.0	0.0	0.7427251900094812	0.0	0.0	0.0	0.0	business
137	0.0	0.0	0.0	0.0	0.0	0.0	0.0	0.0	0.0	0.0	0.0	0.0	0.0	0.0	0.0	0.0	0.0	0.6046697920338051	0.0	0.0	0.7964762661886384	0.0	0.0	0.0	0.0	business
59	0.0	0.0	0.0	0.0	0.0	0.0	0.0	0.0	0.0	0.0	0.0	0.0	0.0	0.0	0.0	0.7514065815604376	0.0	0.0	0.0	0.0	0.0	0.6598394874419514	0.0	0.0	0.0	computers
29	0.0	0.0	0.0	0.0	0.0	0.16467742487504686	0.0	0.0	0.0	0.0	0.0	0.0	0.0	0.0	0.0	0.0	0.7671089427046102	0.0	0.0	0.0	0.0	0.6200203349561516	0.0	0.0	0.0	computers
121	0.0	0.0	0.0	0.0	0.0	0.0	0.0	0.0	0.0	0.0	0.0	0.0	0.0	0.0	0.0	0.7514065815604376	0.0	0.0	0.0	0.0	0.0	0.6598394874419514	0.0	0.0	0.0	computers
86	0.0	0.0	0.0	0.0	0.0	0.0	0.0	0.0	0.0	0.0	0.0	0.0	0.0	0.0	0.0	0.9156288122439306	0.0	0.0	0.0	0.0	0.0	0.4020247233551301	0.0	0.0	0.0	computers
53	0.0	0.0	0.0	0.0	0.0	0.21729028321966476	0.0	0.0	0.0	0.0	0.0	0.0	0.0	0.0	0.0	0.0	0.7591446712281558	0.0	0.0	0.0	0.0	0.6135831654830609	0.0	0.0	0.0	computers
81	0.40461548377817164	0.40461548377817164	0.0	0.0	0.0	0.0	0.0	0.0	0.0	0.0	0.0	0.0	0.0	0.32032492957494885	0.0	0.0	0.0	0.0	0.0	0.7549599724930564	0.0	0.0	0.0	0.0	0.0	culture-arts-entertainment
22	0.9668995057997964	0.0	0.0	0.0	0.0	0.0	0.0	0.0	0.0	0.0	0.0	0.0	0.0	0.2551574919223607	0.0	0.0	0.0	0.0	0.0	0.0	0.0	0.0	0.0	0.0	0.0	culture-arts-entertainment
83	0.0	0.0	0.0	0.0	0.0	0.0	0.0	0.0	0.0	0.0	0.0	0.0	0.0	0.0	0.0	0.0	0.0	0.0	0.0	1.0	0.0	0.0	0.0	0.0	0.0	culture-arts-entertainment
97	0.862719620468864	0.0	0.0	0.0	0.0	0.0	0.0	0.0	0.18939695437392945	0.0	0.0	0.0	0.0	0.0	0.0	0.0	0.0	0.0	0.0	0.2012153535427588	0.0	0.0	0.0	0.18939695437392945	0.3787939087478589	culture-arts-entertainment
32	0.0	0.0	0.0	0.0	0.0	0.0	0.0	0.0	0.0	0.0	0.0	0.0	0.0	0.0	0.0	0.0	0.0	0.0	0.0	1.0	0.0	0.0	0.0	0.0	0.0	culture-arts-entertainment
104	0.0	0.0	0.0	0.0	0.0	0.0	0.0	0.0	0.25819888974716115	0.0	0.0	0.0	0.0	0.0	0.0	0.0	0.0	0.0	0.7745966692414835	0.0	0.0	0.0	0.0	0.25819888974716115	0.5163977794943223	education-science
12	0.0	0.0	0.0	0.0	0.0	0.0	0.0	0.0	0.20614945054270384	0.0	0.25505467825685685	0.0	0.0	0.0	0.0	0.0	0.0	0.0	0.8245978021708154	0.0	0.0	0.0	0.0	0.20614945054270384	0.4122989010854077	education-science
79	0.0	0.0	0.0	0.0	0.0	0.0	0.0	0.0	0.0	0.0	0.0	0.0	0.0	0.41094830562394763	0.0	0.0	0.0	0.0	0.9116586477979609	0.0	0.0	0.0	0.0	0.0	0.0	education-science
38	0.0	0.0	0.0	0.0	0.0	0.0	0.0	0.0	0.0	0.0	0.0	0.0	0.0	0.0	0.0	0.0	0.0	0.0	1.0	0.0	0.0	0.0	0.0	0.0	0.0	education-science
105	0.0	0.0	0.0	0.0	0.0	0.0	0.0	0.0	0.0	0.0	0.0	0.0	0.0	0.0	0.0	0.0	0.0	0.0	1.0	0.0	0.0	0.0	0.0	0.0	0.0	education-science
1	0.0	0.0	0.0	0.0	0.0	0.0	0.0	0.0	0.16584805931160926	0.628392605698543	0.0	0.0	0.0	0.0	0.663392237246437	0.0	0.0	0.0	0.0	0.0	0.0	0.0	0.0	0.16584805931160926	0.3316961186232185	engineering
116	0.0	0.0	0.0	0.0	0.0	0.0	0.0	0.0	0.0	0.8151167991472721	0.0	0.0	0.0	0.38789492827902133	0.4302582112677438	0.0	0.0	0.0	0.0	0.0	0.0	0.0	0.0	0.0	0.0	engineering
35	0.0	0.0	0.0	0.0	0.0	0.0	0.0	0.0	0.0	0.687696055429443	0.0	0.0	0.0	0.0	0.7259987158024347	0.0	0.0	0.0	0.0	0.0	0.0	0.0	0.0	0.0	0.0	engineering
17	0.0	0.0	0.0	0.0	0.0	0.0	0.0	0.0	0.0	0.687696055429443	0.0	0.0	0.0	0.0	0.7259987158024347	0.0	0.0	0.0	0.0	0.0	0.0	0.0	0.0	0.0	0.0	engineering
2	0.0	0.0	0.0	0.0	0.0	0.0	0.0	0.0	0.0	0.687696055429443	0.0	0.0	0.0	0.0	0.7259987158024347	0.0	0.0	0.0	0.0	0.0	0.0	0.0	0.0	0.0	0.0	engineering
24	0.0	0.0	0.0	0.0	0.0	0.0	0.7514065815604376	0.0	0.0	0.0	0.0	0.6598394874419514	0.0	0.0	0.0	0.0	0.0	0.0	0.0	0.0	0.0	0.0	0.0	0.0	0.0	health
60	0.0	0.0	0.0	0.0	0.0	0.0	0.7514065815604376	0.0	0.0	0.0	0.0	0.6598394874419514	0.0	0.0	0.0	0.0	0.0	0.0	0.0	0.0	0.0	0.0	0.0	0.0	0.0	health
30	0.0	0.0	0.0	0.0	0.0	0.0	0.0	0.0	0.0	0.0	0.0	1.0	0.0	0.0	0.0	0.0	0.0	0.0	0.0	0.0	0.0	0.0	0.0	0.0	0.0	health
141	0.0	0.0	0.0	0.0	0.0	0.46912084121140396	0.0	0.0	0.0	0.0	0.0	0.8831339854977299	0.0	0.0	0.0	0.0	0.0	0.0	0.0	0.0	0.0	0.0	0.0	0.0	0.0	health
128	0.0	0.0	0.0	0.0	0.0	0.0	0.9156288122439306	0.0	0.0	0.0	0.0	0.4020247233551301	0.0	0.0	0.0	0.0	0.0	0.0	0.0	0.0	0.0	0.0	0.0	0.0	0.0	health
26	0.0	0.0	0.0	0.0	0.4363902117064088	0.0	0.0	0.4363902117064088	0.0	0.0	0.0	0.0	0.0	0.7868463422128056	0.0	0.0	0.0	0.0	0.0	0.0	0.0	0.0	0.0	0.0	0.0	politics-society
90	0.0	0.0	0.0	0.0	0.9486832980505139	0.0	0.0	0.31622776601683794	0.0	0.0	0.0	0.0	0.0	0.0	0.0	0.0	0.0	0.0	0.0	0.0	0.0	0.0	0.0	0.0	0.0	politics-society
119	0.0	0.37273755096583017	0.0	0.0	0.4364205489016015	0.0	0.0	0.32731541167620115	0.0	0.0	0.0	0.0	0.7506453515979827	0.0	0.0	0.0	0.0	0.0	0.0	0.0	0.0	0.0	0.0	0.0	0.0	politics-society
114	0.0	0.4270855370625232	0.0	0.0	0.7500810048375636	0.0	0.0	0.3750405024187818	0.0	0.0	0.0	0.0	0.0	0.33811396268026966	0.0	0.0	0.0	0.0	0.0	0.0	0.0	0.0	0.0	0.0	0.0	politics-society
122	0.0	0.0	0.0	0.0	0.41178889441522537	0.0	0.0	0.8235777888304507	0.0	0.3900634976275425	0.0	0.0	0.0	0.0	0.0	0.0	0.0	0.0	0.0	0.0	0.0	0.0	0.0	0.0	0.0	politics-society
51	0.0	0.0	0.5345224838248488	0.2672612419124244	0.0	0.0	0.0	0.0	0.0	0.0	0.0	0.0	0.0	0.0	0.0	0.0	0.0	0.0	0.0	0.0	0.0	0.0	0.8017837257372731	0.0	0.0	sports
74	0.0	0.0	0.8164965809277259	0.40824829046386296	0.0	0.0	0.0	0.0	0.0	0.0	0.0	0.0	0.0	0.0	0.0	0.0	0.0	0.0	0.0	0.0	0.0	0.0	0.40824829046386296	0.0	0.0	sports
82	0.0	0.0	0.0	0.5261283520506196	0.0	0.0	0.0	0.0	0.15400462309180898	0.0	0.7621577353583696	0.0	0.0	0.0	0.0	0.0	0.0	0.0	0.0	0.0	0.0	0.0	0.0	0.15400462309180898	0.30800924618361797	sports
88	0.0	0.0	0.8944271909999159	0.0	0.0	0.0	0.0	0.0	0.0	0.0	0.0	0.0	0.0	0.0	0.0	0.0	0.0	0.0	0.0	0.0	0.0	0.0	0.4472135954999579	0.0	0.0	sports
67	0.0	0.0	0.0	0.0	0.0	0.0	0.0	0.0	0.0	0.0	0.0	0.0	0.0	0.0	0.0	0.0	0.0	0.0	0.0	0.0	0.0	0.0	0.0	0.0	0.0	sports
